このプログラムは最小2乗法によって 
 y = a*f(x) + b*g(x) 
 の形の曲線をあてはめるものです．

基本関数f(x), g(x)を1～4の番号で選択してください
f(x)=[1:(x),2:(1/x),3:(e^x)]--> g(x)=[1:(x),2:(1/x),3:(e^x),4(定数)]-->データの個数は何個ですか？(1<n<10) n = 
データxの値は小から大の順に入力する．
X = Y = X = Y = X = Y = X = Y = X = Y = X = Y = X = Y = 
正しく入力しましたか？(y/n) 
求めた基本関数の係数の出力
 a = d[1] = 2.401050
 b = d[2] = 0.398093

エンターキーを押せば数表を出力します．
  0.200000   12.084868
  0.249000    9.741895
  0.298000    8.175846
  0.347000    7.057590
  0.396000    6.220902
  0.445000    5.572769
  0.494000    5.057083
  0.543000    4.637987
  0.592000    4.291498
  0.641000    4.000965
  0.690000    3.754466
  0.739000    3.543243
  0.788000    3.360715
  0.837000    3.201842
  0.886000    3.062699
  0.935000    2.940185
  0.984000    2.831815
  1.033000    2.735576
  1.082000    2.649821
  1.131000    2.573187
  1.180000    2.504538
  1.229000    2.442918
  1.278000    2.387519
  1.327000    2.337651
  1.376000    2.292725
  1.425000    2.252230
  1.474000    2.215724
  1.523000    2.182822
  1.572000    2.153188
  1.621000    2.126524
  1.670000    2.102570
  1.719000    2.081093
  1.768000    2.061888
  1.817000    2.044771
  1.866000    2.029578
  1.915000    2.016160
  1.964000    2.004385
  2.013000    1.994133
  2.062000    1.985295
  2.111000    1.977774
  2.160000    1.971478
  2.209000    1.966327
  2.258000    1.962246
  2.307000    1.959168
  2.356000    1.957028
  2.405000    1.955771
  2.454000    1.955343
  2.503000    1.955696
  2.552000    1.956784
  2.601000    1.958566
  2.650000    1.961003
  2.699000    1.964060
  2.748000    1.967704
  2.797000    1.971904
  2.846000    1.976630
  2.895000    1.981857
  2.944000    1.987560
  2.993000    1.993714
  3.042000    2.000299
  3.091000    2.007293
  3.140000    2.014678
  3.189000    2.022435
  3.238000    2.030548
  3.287000    2.039000
  3.336000    2.047777
  3.385000    2.056865
  3.434000    2.066250
  3.483000    2.075920
  3.532000    2.085863
  3.581000    2.096068
  3.630000    2.106524
  3.679000    2.117221
  3.728000    2.128149
  3.777000    2.139300
  3.826000    2.150665
  3.875000    2.162236
  3.924000    2.174005
  3.973000    2.185965
  4.022000    2.198109
  4.071000    2.210430
  4.120000    2.222922
  4.169000    2.235579
  4.218000    2.248395
  4.267000    2.261365
  4.316000    2.274483
  4.365000    2.287745
  4.414000    2.301145
  4.463000    2.314679
  4.512000    2.328343
  4.561000    2.342133
  4.610000    2.356044
  4.659000    2.370073
  4.708000    2.384215
  4.757000    2.398469
  4.806000    2.412829
  4.855000    2.427293
  4.904000    2.441859
  4.953000    2.456521
  5.002000    2.471279
  5.051000    2.486129
  5.100000    2.501068
  5.149000    2.516095
  5.198000    2.531205
  5.247000    2.546398
  5.296000    2.561671
  5.345000    2.577021
  5.394000    2.592447
  5.443000    2.607946
  5.492000    2.623517
  5.541000    2.639158
  5.590000    2.654866
  5.639000    2.670640
  5.688000    2.686478
  5.737000    2.702380
  5.786000    2.718342
  5.835000    2.734364
  5.884000    2.750443
  5.933000    2.766580
  5.982000    2.782771
  6.031000    2.799017
  6.080000    2.815315
  6.129000    2.831664
  6.178000    2.848064
  6.227000    2.864512
  6.276000    2.881008
  6.325000    2.897551
  6.374000    2.914139
  6.423000    2.930772
  6.472000    2.947448
  6.521000    2.964167
  6.570000    2.980928
  6.619000    2.997729
  6.668000    3.014570
  6.717000    3.031449
  6.766000    3.048367
  6.815000    3.065322
  6.864000    3.082314
  6.913000    3.099341
  6.962000    3.116403
  7.011000    3.133499
  7.060000    3.150629
  7.109000    3.167791
  7.158000    3.184986
  7.207000    3.202211
  7.256000    3.219468
  7.305000    3.236755
  7.354000    3.254072
  7.403000    3.271417
  7.452000    3.288791
  7.501000    3.306193
  7.550000    3.323622
  7.599000    3.341078
  7.648000    3.358560
  7.697000    3.376068
  7.746000    3.393601
  7.795000    3.411159
  7.844000    3.428742
  7.893000    3.446348
  7.942000    3.463978
  7.991000    3.481630
  8.040000    3.499306
  8.089000    3.517003
  8.138000    3.534723
  8.187000    3.552463
  8.236000    3.570225
  8.285000    3.588007
  8.334000    3.605810
  8.383000    3.623633
  8.432000    3.641475
  8.481000    3.659336
  8.530000    3.677216
  8.579000    3.695115
  8.628000    3.713032
  8.677000    3.730967
  8.726000    3.748920
  8.775000    3.766890
  8.824000    3.784877
  8.873000    3.802881
  8.922000    3.820901
  8.971000    3.838938
  9.020000    3.856991
  9.069000    3.875059
  9.118000    3.893143
  9.167000    3.911242
  9.216000    3.929356
  9.265000    3.947484
  9.314000    3.965628
  9.363000    3.983785
  9.412000    4.001956
  9.461000    4.020142
  9.510000    4.038341
  9.559000    4.056553
  9.608000    4.074779
  9.657000    4.093017
  9.706000    4.111269
  9.755000    4.129532
  9.804000    4.147809
  9.853000    4.166097
  9.902000    4.184398
  9.951000    4.202711
 10.000000    4.221035
